20 20 20 
20 19 20 
20 19 21 
21 19 21 
21 18 21 
21 17 21 
20 17 21 
19 17 21 
19 17 20 
19 18 20 
19 19 20 
19 20 20 
19 20 19 
18 20 19 
18 19 19 
19 19 19 
20 19 19 
20 19 18 
20 18 18 
21 18 18 
21 18 17 
21 18 16 
21 17 16 
20 17 16 
20 16 16 
19 16 16 
19 15 16 
19 14 16 
18 14 16 
17 14 16 
17 14 15 
17 14 14 
17 15 14 
17 15 13 
17 15 12 
17 14 12 
17 14 11 
17 13 11 
18 13 11 
18 12 11 
18 12 12 
17 12 12 
17 13 12 
18 13 12 
18 13 13 
18 12 13 
18 11 13 
17 11 13 
17 12 13 
17 12 14 
16 12 14 
15 12 14 
15 11 14 
15 10 14 
15 10 13 
15 11 13 
16 11 13 
16 12 13 
16 13 13 
17 13 13 
17 13 14 
18 13 14 
18 12 14 
18 12 15 
19 12 15 
19 12 14 
19 11 14 
19 11 15 
18 11 15 
18 11 16 
19 11 16 
19 12 16 
20 12 16 
20 13 16 
20 13 17 
21 13 17 
21 12 17 
21 11 17 
21 11 16 
22 11 16 
22 11 17 
22 10 17 
22 10 16 
23 10 16 
23 11 16 
23 11 15 
23 12 15 
23 13 15 
23 13 14 
23 12 14 
23 12 13 
23 11 13 
23 11 14 
23 10 14 
22 10 14 
22 10 15 
22 11 15 
22 11 14 
22 11 13 
21 11 13 
21 11 12 
