20 20 20 
19 20 20 
20 20 19 
19 20 19 
20 21 19 
19 20 21 
19 21 19 
21 21 19 
20 21 20 
19 19 20 
20 19 20 
18 20 19 
19 19 21 
21 21 18 
19 19 19 
20 18 20 
19 20 22 
20 18 19 
17 20 19 
16 20 19 
18 19 20 
17 19 20 
19 18 19 
20 19 19 
17 21 19 
16 20 20 
20 20 21 
18 20 22 
18 18 20 
19 21 20 
16 21 20 
20 17 19 
17 19 19 
18 18 19 
16 21 19 
18 19 21 
18 19 19 
21 21 20 
18 17 20 
21 19 20 
17 18 20 
20 19 21 
21 21 21 
19 18 20 
21 20 19 
17 17 20 
20 21 18 
21 20 20 
20 18 21 
15 20 19 
19 19 22 
22 21 21 
22 19 20 
17 22 19 
21 22 18 
21 19 21 
21 20 21 
18 20 20 
23 21 21 
18 18 21 
19 19 18 
15 20 20 
19 17 20 
20 19 22 
19 16 20 
19 21 21 
14 20 20 
17 21 20 
20 21 21 
20 20 18 
21 20 18 
21 22 17 
17 19 18 
17 18 19 
17 17 21 
20 22 20 
18 18 18 
19 18 22 
21 19 19 
19 18 18 
19 20 18 
18 21 19 
18 17 21 
16 20 18 
21 20 22 
18 22 19 
17 22 20 
21 18 21 
22 22 21 
19 21 18 
17 18 18 
20 17 21 
21 23 18 
16 19 18 
21 18 19 
15 21 20 
18 21 22 
14 21 20 
19 17 22 
20 21 17 
19 17 21 
21 22 20 
21 18 20 
17 16 20 
17 15 20 
21 18 18 
18 17 18 
21 18 22 
18 20 21 
21 17 21 
16 18 20 
21 22 16 
18 21 21 
19 20 17 
19 21 17 
20 17 18 
20 20 17 
21 16 21 
20 18 18 
20 16 21 
20 21 22 
19 17 18 
21 22 19 
20 22 17 
18 22 20 
20 22 18 
20 21 23 
17 22 18 
21 24 18 
16 22 19 
19 18 21 
20 20 16 
22 22 19 
18 16 20 
22 19 19 
18 20 18 
18 19 22 
21 21 17 
15 19 20 
20 19 17 
21 19 18 
18 21 20 
17 20 20 
22 22 22 
19 21 23 
21 22 21 
16 19 20 
16 18 18 
18 21 18 
21 19 22 
23 22 19 
16 16 20 
17 17 18 
22 20 22 
20 22 16 
21 17 19 
18 22 18 
21 15 21 
21 17 18 
23 19 20 
20 16 20 
14 22 20 
18 17 19 
20 15 21 
17 22 21 
20 22 19 
16 17 18 
20 21 16 
22 21 22 
20 18 22 
14 19 20 
22 22 16 
20 17 22 
16 19 19 
15 22 20 
17 21 18 
23 18 20 
17 20 21 
23 20 21 
21 14 21 
19 16 19 
22 20 21 
17 17 19 
17 16 18 
17 20 18 
22 22 18 
23 22 20 
22 21 19 
17 21 17 
22 17 18 
23 18 21 
16 16 18 
22 14 21 
22 19 21 
16 17 17 
20 18 23 
23 22 16 
16 22 20 
22 17 21 
17 22 17 
23 22 17 
